18
36
49
58
61
73
84
91
92
97
101
105
106
115
116
117
119
136
141
142
151
158
163
176
185
187
189
190
193
203
206
207
220
223
229
247
256
257
260
277
278
284
290
293
297
298
305
309
317
325
330
331
333
334
343
352
353
357
374
381
412
414
431
437
442
444
446
447
448
449
450
452
453
456
474
475
478
482
488
497
505
507
517
518
519
521
526
529
535
555
573
581
583
594
595
609
610
616
634
640
641
643
644
657
683
695
700
710
738
750
751
763
772
773
775
777
783
790
794
800
809
814
815
821
823
832
834
847
850
853
867
868
871
878
886
893
895
897
905
906
924
928
930
933
941
949
954
971
972
973
975
977
981
983
984
985
994
997
1002
1003
1005
1010
1011
1014
1016
1018
1022
1024
1025
1027
1029
1035
1041
1047
1053
1071
1073
1079
1086
1089
1106
1110
1112
1115
1122
1132
1135
1140
1148
1155
1156
1180
1182
1192
1208
1212
1233
1234
1236
1248
1252
1264
1268
1273
1286
1298
1305
1316
1327
1332
1335
1339
1341
1342
1344
1346
1350
1353
1355
1360
1366
1384
1387
1399
1402
1412
1423
1426
1429
1432
1434
1437
1452
1480
1482
1486
1487
1493
1494
1496
1497
1508
1509
1514
1516
1519
1530
1531
1535
1551
1553
1566
1570
1571
1577
1578
1584
1599
1603
1609
1615
1616
1621
1629
1631
1634
1653
1656
1661
1669
1672
